id_referensi,kategori,nama_perusahaan,kota,alamat,jenis_ausbildung,spesialisasi,tahun_mulai,bulan_mulai,gaji,skor_kelengkapan,tipe_website,email_bewerbung,link_bewerbung,cara_apply,kontak_hr,link_arbeitsagentur,ringkasan,butuh_manual,status_lamaran,prioritas,deskripsi,persyaratan,tanggal_scrape
ASD-998030001023517850,ausbildungsstellen_si,Azubiyo,G&#252;tersloh,Carl-Bertelsmann-Stra&#223;e 270 33311 G&#252;tersloh Nordrhein-Westfalen,Ausbildung Fachinformatiker:in Anwendungsentwicklung (m/w/d) bei Bertelsmann - Start 2026,ae,,,"1.001 €, 1.077 €, 1.155 €",80,company,,https://www.azubiyo.de/bewerbung/,portal,"- Betreuung durch eigene Ausbildungsabteilung und individuelle Ansprechpartner:innen
- Wahl zwischen verschiedenen Fachrichtungen und Ausbildungsschwerpunkten
- Einblick in verschiedene Konzernfirmen
- Weiterbildungs- und Vertiefungsangebote: Trainings, IT-Workshops, Persönlichkeitsseminare und Prüfungsvorbereitung
- Teambuildingmaßnahmen wie Klassenfahrten
- Alle weiteren Leistungen des Bertelsmann Konzerns wie Sportangebote, Sozialleistungen oder Vergünstigungen für Medien und LunchKlingt gut?
Dann freuen wir uns auf Deine Bewerbung!
Du hast noch Fragen an uns? Dann kontaktiere uns gerne über Whatsapp:",,Azubiyo | Ausbildung Fachinformatiker:in Anwendungsentwicklung (m/w/d) bei Bertelsmann - Start 2026 | G&#252;tersloh,tidak,belum,sedang,"Ausbildung Fachinformatiker:in Anwendungsentwicklung (m/w/d) bei Bertelsmann - Start 2026

Fachabitur",Fachabitur,2026-06-13T12:47:50.472366+00:00
ASD-998030002150495703,ausbildungsstellen_si,Azubiyo,G&#252;tersloh,Carl-Bertelsmann-Stra&#223;e 270 33311 G&#252;tersloh Nordrhein-Westfalen,Ausbildung Fachinformatiker:in Systemintegration (m/w/d) bei Bertelsmann - Start 2026,si,,,"1.001 €, 1.077 €, 1.155 €",80,company,,https://www.azubiyo.de/bewerbung/,portal,"- Betreuung durch eigene Ausbildungsabteilung und individuelle Ansprechpartner:innen
- Wahl zwischen verschiedenen Fachrichtungen und Ausbildungsschwerpunkten
- Einblick in verschiedene Konzernfirmen
- Weiterbildungs- und Vertiefungsangebote: Trainings, IT-Workshops, Persönlichkeitsseminare und Prüfungsvorbereitung
- Teambuildingmaßnahmen wie Klassenfahrten
- Alle weiteren Leistungen des Bertelsmann Konzerns wie Sportangebote, Sozialleistungen oder Vergünstigungen für Medien und LunchKlingt gut?
Dann freuen wir uns auf Deine Bewerbung!
Du hast noch Fragen an uns? Dann kontaktiere uns gerne über Whatsapp:",,Azubiyo | Ausbildung Fachinformatiker:in Systemintegration (m/w/d) bei Bertelsmann - Start 2026 | G&#252;tersloh,tidak,belum,sedang,"Ausbildung Fachinformatiker:in Systemintegration (m/w/d) bei Bertelsmann - Start 2026

Fachabitur",Fachabitur,2026-06-13T12:52:42.327681+00:00
